From serial: 02 b7 00 0d 00 00 02 00 03 07 c0 a0 00 00 00 00 00 30 03
From serial: 02 b7 00 0d 00 00 02 00 03 07 c0 a0 00 00 00 00 00 30 03
From serial: 02 b7 00 0d 00 00 02 00 03 07 c0 a0 00 00 00 00 00 30 03
From serial: 02 b7 00 0d 00 00 02 00 03 07 c0 a0 00 00 00 00 00 30 03
From serial: 02 b7 00 0d 00 00 07 00 08 02 3e 80 55 55 55 55 55 3c 03
From serial: 02 b7 00 0d 00 00 07 11 08 02 3e 00 55 55 55 55 55 cd 03
From serial: 02 b7 00 0d 00 00 07 11 08 02 3e 00 55 55 55 55 55 cd 03
From serial: 02 b7 00 0d 00 00 07 11 08 02 3e 00 55 55 55 55 55 cd 03
From serial: 02 b7 00 0d 00 00 02 00 07 14 c0 00 10 00 03 01 00 b5 03
From serial: 02 b7 00 0d 00 00 02 00 07 14 c0 00 10 00 03 01 00 b5 03
From serial: 02 b7 00 0d 00 00 02 00 07 14 c0 00 10 00 03 01 00 b5 03
From serial: 02 b7 00 0d 00 00 02 00 07 31 c0 00 10 00 03 01 00 d2 03
From serial: 02 b7 00 0d 00 00 02 00 07 31 c0 00 10 00 03 01 00 d2 03
From serial: 02 b7 00 0d 00 00 02 00 07 31 c0 00 10 00 03 01 00 d2 03
From serial: 02 b7 00 0d 00 00 07 00 08 02 3e 80 55 55 55 55 55 3c 03
From serial: 02 b7 00 0d 00 00 07 0e 08 02 3e 00 55 55 55 55 55 ca 03
From serial: 02 b7 00 0d 00 00 07 0e 08 02 3e 00 55 55 55 55 55 ca 03
From serial: 02 b7 00 0d 00 00 07 0e 08 02 3e 00 55 55 55 55 55 ca 03
From serial: 02 b7 00 0d 00 00 07 00 08 02 3e 80 55 55 55 55 55 3c 03
From serial: 02 b7 00 0d 00 00 02 02 07 04 c0 00 10 ca 03 01 00 71 03
From serial: 02 b7 00 0d 00 00 02 02 07 04 c0 00 10 ca 03 01 00 71 03
From serial: 02 b7 00 0d 00 00 02 02 07 04 c0 00 10 ca 03 01 00 71 03
From serial: 02 b7 00 0d 00 00 07 00 08 02 3e 80 55 55 55 55 55 3c 03
From serial: 02 b7 00 0d 00 00 07 10 08 02 3e 00 55 55 55 55 55 cc 03
From serial: 02 b7 00 0d 00 00 07 10 08 02 3e 00 55 55 55 55 55 cc 03
From serial: 02 b7 00 0d 00 00 07 10 08 02 3e 00 55 55 55 55 55 cc 03